Delta,Theta,AlphaLow,AlphaHigh,BetaLow,BetaHigh,GammaLow,GammaMid,target
0.09649362690643455,0.10673113929028201,0.08920476018101028,0.1297189717655893,0.16594586487767854,0.1984389987215402,0.10764181956398888,0.10582481869347622,0
0.022036391006668755,0.024554290568986937,0.025769056074592223,0.02583725598034275,0.02681265626951539,0.03859657645937633,0.1532486187054272,0.6831451549350905,0
0.17228526454888196,0.167948984923079,0.16616746304904112,0.11813276534868067,0.10432026933809109,0.09911716283982804,0.0674404415109728,0.10458764844142532,0
0.16368473170712508,0.14183141300886984,0.15932401224963771,0.1597616064816516,0.12264674553853384,0.09090512640627625,0.0650700716771542,0.09677629293075152,0
0.1592203275381154,0.13815153450176898,0.1332276936484447,0.16281768148413048,0.10018643648966441,0.07869106555083322,0.07978506925648778,0.14792019153055502,0
0.11314865855073439,0.14067983536486153,0.1270534711283012,0.12358305359393751,0.1346372715231013,0.0917404125055719,0.07874771263059377,0.19040958470289837,0
0.11206865486006348,0.11961903507482832,0.0884930760262112,0.10069792434066736,0.08812302653367968,0.08353431792502777,0.12461458158425437,0.28284938365526785,0
0.03696517224551015,0.052198747868027334,0.05520263654255273,0.0467225525850222,0.05889273645456227,0.056044578350894485,0.12149342022576613,0.5724801557276648,0
0.02836147945327589,0.025968705939286085,0.020603860498220685,0.020563572386850873,0.03056430578017976,0.05035833129573077,0.14015927549167156,0.6834204691547843,0
0.08597667645345101,0.10410038672856864,0.08452016133194509,0.12394838095962676,0.1804129430709673,0.16360528156681944,0.12158972377194528,0.13584644611667637,0
0.11480392377692837,0.0750664262754436,0.07026191755674392,0.08997583495551974,0.09902541672626952,0.08426648099730179,0.1611525830555116,0.30544741665628156,0
0.09274408424911466,0.08222856033466558,0.08622070600402224,0.10880243304242447,0.13496651764573717,0.16481146010821202,0.11077989038902146,0.21944634822680245,0
0.05839993984197315,0.07245331407401148,0.06684604571284938,0.060899211924221285,0.07683179784618635,0.11968405453083396,0.2000354399535742,0.34485019611635026,0
0.05307322527443916,0.05512326505728623,0.046953130929786924,0.06901833001720775,0.07115365151231794,0.105470838174767,0.1699429572683554,0.4292646017658396,0
0.02898768205680968,0.03290162798047549,0.04312900152795777,0.04112648754853009,0.04146546241746474,0.06258151823467581,0.17622141145919787,0.5735868087748887,0
0.048269689968568875,0.05624424192817022,0.060108402895633954,0.04816882026710904,0.061807429413727376,0.08620834345561794,0.2093999818613824,0.42979309020979006,0
0.07328482500738073,0.08138167005723956,0.06459257368840549,0.07268991179247285,0.08441556165665427,0.103434751734402,0.18050605848645812,0.33969464757698703,0
0.04182411894883356,0.04402385505933875,0.03802820164905186,0.0490227205259932,0.05300939383740666,0.05757628366954471,0.15488413607732499,0.5616312902325064,0
0.06707173429495004,0.06594741030617167,0.06984185654066283,0.06263697136682449,0.06703412666164175,0.09394284809915085,0.15142808060355806,0.4220969721270403,0
0.07309687359746644,0.06711495754962632,0.04885234908920542,0.08273696632283267,0.08352413798769676,0.09536415558711646,0.21289293395245584,0.33641762591359997,0
0.06636490833201443,0.06823295178856842,0.04660505051880628,0.06581942969327192,0.06109246947455364,0.09060406321386193,0.19783619080726414,0.40344493617165933,0
0.02298157464382186,0.03946939028713743,0.03625822393764459,0.031574711362671606,0.05185294576445964,0.05427037309692166,0.18968918517742167,0.5739035957299216,0
0.05824394957096352,0.08606928452475728,0.06133248688472664,0.09196864556734831,0.07550903581424147,0.09466355527064275,0.17452346456768678,0.3576895777996333,0
0.04784609148972622,0.05563150770489302,0.046169222530254156,0.05856791282596412,0.054217933675816156,0.07485779564935183,0.17617661578929386,0.4865329203347007,0
0.03493808854522711,0.04305230020915511,0.05835480689917348,0.04133111290104025,0.04343860980869033,0.06412362460227496,0.2138001630635337,0.5009612939709052,0
0.03311352832376549,0.03069097585349321,0.023333398971366878,0.04336165916508884,0.04437188661794345,0.09352028397228948,0.19875317591458724,0.5328550911814653,0
0.047384112458816484,0.03279333231234123,0.026986445520895394,0.0356381129763549,0.05060710401490853,0.052355746078037994,0.19856679494601068,0.5556683516926347,0
0.04186421936931766,0.052574332650080983,0.06373283309819774,0.040695893237874474,0.07342276653513025,0.09286323355904683,0.19368116346262584,0.4411655580877263,0
0.02407370886863192,0.0454385973970434,0.03046417810811427,0.03855529240290217,0.04060159443488793,0.06219658420870985,0.22095333937732295,0.5377167052023873,0
0.040880167107644874,0.03792907903130952,0.04368390407179522,0.038703997396768615,0.0398620320542626,0.05543306411558862,0.09944643972153125,0.6440613165010992,0
0.08709127623648777,0.060843328562836814,0.05515671118981308,0.03013514007650871,0.035035217880625046,0.08252233890145484,0.1786228811136352,0.4705931060386386,0
0.08820763605692308,0.08751263193611086,0.08547472541364018,0.05827503194742883,0.057688367856307994,0.10136626636328343,0.1379341082739766,0.3835412321523291,0
0.03119359739102159,0.04150883251512055,0.03544923168989984,0.05476125401287887,0.04773954219270554,0.058141734145281176,0.12466019002933368,0.6065456180237588,0
0.10492894300733079,0.055331449797291626,0.05879188154397937,0.05902433040340097,0.09884376036014285,0.09163655958671758,0.1752787988472298,0.356164276453907,0
0.06273874135126156,0.06205140894635599,0.055986899821232276,0.04398207403706987,0.03945589625985486,0.1097684715423899,0.13181519273197798,0.4942013153098575,0
0.04261276514443978,0.03567573028306703,0.05874448887423908,0.03334292848378157,0.04793307180269386,0.061866359353934364,0.18163209241844247,0.5381925636394019,0
0.025146347278099508,0.03538433536588298,0.03183474686297444,0.03973313006409157,0.030005565921768642,0.05498771034613651,0.15861780203681491,0.6242903621242315,0
0.02385751468545099,0.019698864804970365,0.030536119322720837,0.02248085695989099,0.03716066290210031,0.043792611732388735,0.11875339890655522,0.7037199706859226,0
0.02255977358660272,0.02061807842263555,0.02664448637391518,0.0298923196507235,0.030293354278250025,0.055516315635095854,0.13779963796938455,0.6766760340833926,0
0.026919865695813686,0.02235330411224468,0.028099739229256186,0.034541057357737964,0.029691594430851915,0.0411419741786072,0.11399814735175334,0.7032543176437349,0
0.07346353074831227,0.07391403402207003,0.07113246430090517,0.112823577123426,0.08536963844153198,0.10769336951096303,0.15749154443673427,0.3181118414160572,0
0.03693748869112537,0.03291870202229588,0.030926468807743912,0.030943097083587466,0.030950620100517214,0.038662550524998285,0.12456488936127302,0.6740961834084589,0
0.03160796663780936,0.033780566113709075,0.03228102636610837,0.04280150532931378,0.03684072703953657,0.04095945933065418,0.11863679323651277,0.6630919559463558,0
0.028728547071610457,0.023936843807750418,0.0336705226527512,0.035723716336747514,0.03589699236296604,0.041888044245036046,0.1288002715286823,0.6713550619944562,0
0.03129879109423143,0.0325799189839898,0.02314575546613605,0.07347202823455068,0.04210404228036813,0.043083360139214225,0.1369886628918448,0.6173274409096651,0
0.07537525269655346,0.057571037877597105,0.03902847168900983,0.06032292918994487,0.07868409244977327,0.07732630880912325,0.27740952756624554,0.3342823797217526,0
0.10427111746038296,0.10599427752559758,0.12206943053107586,0.12469678502864782,0.16334907871840315,0.1901688438634729,0.08607177388049435,0.10337869299192524,1
0.03517904370027083,0.035860664574525865,0.03663998236313962,0.03440622661630288,0.04101063278308682,0.06683678841626152,0.4139012385402324,0.3361654230061801,1
0.10891045152634078,0.11764228697451085,0.11984992866954274,0.12168968443964213,0.13363287320354697,0.18178957380140603,0.09733422740086173,0.11915097398414888,1
0.10834106605373629,0.1191174830085599,0.13031564463750375,0.13511244216162938,0.1641133121933028,0.14443681462235589,0.0796277627170375,0.1189354746058745,1
0.11708193828632768,0.1509691761099514,0.12006159477638612,0.11459361284350192,0.1491568558137704,0.1407342758451635,0.08897218707183521,0.1184303592530638,1
0.11547558618916832,0.15314740815320366,0.194212250438085,0.11094194190212325,0.1295989144432854,0.10227717037979761,0.08291558231199585,0.11143114618234075,1
0.1248014845433695,0.14647178053452076,0.14438002227450328,0.11786568219759734,0.15945650546164883,0.12298529034380944,0.08940188465982563,0.0946373499847253,1
0.1135162876131314,0.12019649469974884,0.12249226934073096,0.11959734417290895,0.18237771430781685,0.16505492317115408,0.08498259034811889,0.09178237634639001,1
0.161991639846521,0.16257090072245745,0.17056036709748418,0.1334445740974996,0.10364971445101277,0.08841021106714832,0.06413162384692155,0.11524096887095504,1
0.08644999069315878,0.06130894942594835,0.08138410852273928,0.05756307217657762,0.06713323470097979,0.07587400663995938,0.13617946508838652,0.43410717275225025,1
0.11647431090513598,0.11019514723857592,0.12411785751345322,0.14086344393216513,0.14751060603952898,0.17973161629163203,0.08292626354371165,0.09818075453579718,1
0.0923902198837556,0.12167045717933854,0.11424341266031109,0.11259008594631995,0.1519552151546254,0.1738771783989848,0.12483167995217989,0.10844175082448476,1
0.1070625588799707,0.11749263013704263,0.10524768035938385,0.10161912450855728,0.12644524976770014,0.19547577527941362,0.12756127342852364,0.11909570763940809,1
0.09457129799325371,0.11554584713615526,0.09848259294459304,0.11799766645894043,0.1253109815089463,0.19581412035415482,0.13493951864884365,0.11733797495511286,1
0.1081026021999237,0.10133700739100068,0.1121499178215541,0.10499244628967763,0.1395200209389482,0.1854773393042429,0.12272044595156813,0.12570022010308474,1
0.10382013049694061,0.11694136232831866,0.11029045430035618,0.13699232314879095,0.15372545911073948,0.16183587771126237,0.11783961449944433,0.09855477840414746,1
0.08702833685272429,0.08366567107051198,0.09573612269545523,0.10655134381518797,0.14068603263770907,0.1944235723974762,0.14096398661024587,0.15094493392068936,1
0.10357882210902908,0.09452430273708018,0.09936156547447555,0.09759214174713576,0.15083886824046214,0.1932579858343916,0.13028385271285256,0.13056246114457307,1
0.08423855273932235,0.10268017126614226,0.10096385489475325,0.10784749984012612,0.13629518314194367,0.18750630764628076,0.13954231423476512,0.1409261162366665,1
0.09444815051883942,0.09734087591332895,0.10096404512285641,0.11913149590388641,0.12199356069484013,0.1855997650896035,0.14743245040930425,0.133089656347341,1
0.10114818049776797,0.08693013719439044,0.14743719949921807,0.10030158494087923,0.13906830302321066,0.17428566061131176,0.12577030718146634,0.12505862705175544,1
0.08322419840246235,0.08834092557509152,0.0979031775156747,0.11028334279480785,0.1516760509976506,0.200445577403531,0.1289910889374767,0.13913563837330542,1
0.08686224752771664,0.0875384814245006,0.11277060386346373,0.11028160047898634,0.15218564717218422,0.1870732876234908,0.13279790676868333,0.13049022514097453,1
0.07872313360788685,0.08569779408950833,0.07982898872678182,0.09886532113450715,0.10639517366663437,0.15685773466638886,0.1328447694571992,0.2607870846510934,1
0.07888076653504135,0.07302341031094002,0.08428844903795868,0.09466266787288266,0.10390906945999946,0.13138933096974692,0.203966405122892,0.22987990069053885,1
0.0754035886831134,0.08650645923153877,0.08494697273542719,0.07533190228673635,0.07885456995667733,0.14331201931477242,0.1784605060690981,0.27718398172263653,1
0.083263698272391,0.08923824614996433,0.08386388919891699,0.0733044475948421,0.09407036949856697,0.1301811400173354,0.21089929253401016,0.23517891673397295,1
0.0791107344794704,0.08695419473724673,0.09032783522439397,0.11571202499285618,0.09718433810002977,0.15337266899349192,0.18449270538593668,0.19284549808657434,1
0.07104106614004245,0.05850666843467119,0.0925533752633853,0.08188987774410675,0.08433601626191159,0.10512970972357683,0.172930348433435,0.3336129379988709,1
0.07091458878896466,0.05821679924275043,0.04654320612963451,0.07201951855109348,0.09370501176353027,0.11413410259178336,0.20121011972531466,0.34325665320692855,1
0.07811119702102906,0.09451040814067965,0.12958517350923032,0.107337097516892,0.1510418212597496,0.2011895692456781,0.11559770733594502,0.12262702597079626,1
0.08863106331429041,0.1222540218835177,0.07738260945319626,0.08957336296042645,0.136348992089103,0.2047525878980472,0.1421127433907178,0.13894461901070124,1
0.11372299431002643,0.09537285058041942,0.10683909500802395,0.10163842867047673,0.16694929146002654,0.1773004584332683,0.12913479926552882,0.10904208227222978,1
0.07888076653504135,0.07302341031094002,0.08428844903795868,0.09466266787288266,0.10390906945999946,0.13138933096974692,0.203966405122892,0.22987990069053885,1
0.040880167107644874,0.03792907903130952,0.04368390407179522,0.038703997396768615,0.0398620320542626,0.05543306411558862,0.09944643972153125,0.6440613165010992,1
0.040880167107644874,0.03792907903130952,0.04368390407179522,0.038703997396768615,0.0398620320542626,0.05543306411558862,0.09944643972153125,0.6440613165010992,1
0.11372299431002643,0.09537285058041942,0.10683909500802395,0.10163842867047673,0.16694929146002654,0.1773004584332683,0.12913479926552882,0.10904208227222978,1
0.040880167107644874,0.03792907903130952,0.04368390407179522,0.038703997396768615,0.0398620320542626,0.05543306411558862,0.09944643972153125,0.6440613165010992,1
0.040880167107644874,0.03792907903130952,0.04368390407179522,0.038703997396768615,0.0398620320542626,0.05543306411558862,0.09944643972153125,0.6440613165010992,1
0.040880167107644874,0.03792907903130952,0.04368390407179522,0.038703997396768615,0.0398620320542626,0.05543306411558862,0.09944643972153125,0.6440613165010992,1
0.040880167107644874,0.03792907903130952,0.04368390407179522,0.038703997396768615,0.0398620320542626,0.05543306411558862,0.09944643972153125,0.6440613165010992,1
0.040880167107644874,0.03792907903130952,0.04368390407179522,0.038703997396768615,0.0398620320542626,0.05543306411558862,0.09944643972153125,0.6440613165010992,1
0.040880167107644874,0.03792907903130952,0.04368390407179522,0.038703997396768615,0.0398620320542626,0.05543306411558862,0.09944643972153125,0.6440613165010992,1
0.040880167107644874,0.03792907903130952,0.04368390407179522,0.038703997396768615,0.0398620320542626,0.05543306411558862,0.09944643972153125,0.6440613165010992,1
0.0791107344794704,0.08695419473724673,0.09032783522439397,0.11571202499285618,0.09718433810002977,0.15337266899349192,0.18449270538593668,0.19284549808657434,1
0.07872313360788685,0.08569779408950833,0.07982898872678182,0.09886532113450715,0.10639517366663437,0.15685773466638886,0.1328447694571992,0.2607870846510934,1
0.10357882210902908,0.09452430273708018,0.09936156547447555,0.09759214174713576,0.15083886824046214,0.1932579858343916,0.13028385271285256,0.13056246114457307,1
0.08423855273932235,0.10268017126614226,0.10096385489475325,0.10784749984012612,0.13629518314194367,0.18750630764628076,0.13954231423476512,0.1409261162366665,1
0.09444815051883942,0.09734087591332895,0.10096404512285641,0.11913149590388641,0.12199356069484013,0.1855997650896035,0.14743245040930425,0.133089656347341,1
0.10114818049776797,0.08693013719439044,0.14743719949921807,0.10030158494087923,0.13906830302321066,0.17428566061131176,0.12577030718146634,0.12505862705175544,1
0.08702833685272429,0.08366567107051198,0.09573612269545523,0.10655134381518797,0.14068603263770907,0.1944235723974762,0.14096398661024587,0.15094493392068936,1
0.08686224752771664,0.0875384814245006,0.11277060386346373,0.11028160047898634,0.15218564717218422,0.1870732876234908,0.13279790676868333,0.13049022514097453,1
0.08322419840246235,0.08834092557509152,0.0979031775156747,0.11028334279480785,0.1516760509976506,0.200445577403531,0.1289910889374767,0.13913563837330542,1
0.0754035886831134,0.08650645923153877,0.08494697273542719,0.07533190228673635,0.07885456995667733,0.14331201931477242,0.1784605060690981,0.27718398172263653,1
0.10382013049694061,0.11694136232831866,0.11029045430035618,0.13699232314879095,0.15372545911073948,0.16183587771126237,0.11783961449944433,0.09855477840414746,1
0.0923902198837556,0.12167045717933854,0.11424341266031109,0.11259008594631995,0.1519552151546254,0.1738771783989848,0.12483167995217989,0.10844175082448476,1
0.040880167107644874,0.03792907903130952,0.04368390407179522,0.038703997396768615,0.0398620320542626,0.05543306411558862,0.09944643972153125,0.6440613165010992,1
0.07104106614004245,0.05850666843467119,0.0925533752633853,0.08188987774410675,0.08433601626191159,0.10512970972357683,0.172930348433435,0.3336129379988709,1
0.083263698272391,0.08923824614996433,0.08386388919891699,0.0733044475948421,0.09407036949856697,0.1301811400173354,0.21089929253401016,0.23517891673397295,1
0.07091458878896466,0.05821679924275043,0.04654320612963451,0.07201951855109348,0.09370501176353027,0.11413410259178336,0.20121011972531466,0.34325665320692855,1
0.040880167107644874,0.03792907903130952,0.04368390407179522,0.038703997396768615,0.0398620320542626,0.05543306411558862,0.09944643972153125,0.6440613165010992,1
0.1081026021999237,0.10133700739100068,0.1121499178215541,0.10499244628967763,0.1395200209389482,0.1854773393042429,0.12272044595156813,0.12570022010308474,1
0.09457129799325371,0.11554584713615526,0.09848259294459304,0.11799766645894043,0.1253109815089463,0.19581412035415482,0.13493951864884365,0.11733797495511286,1
0.08863106331429041,0.1222540218835177,0.07738260945319626,0.08957336296042645,0.136348992089103,0.2047525878980472,0.1421127433907178,0.13894461901070124,1
0.040880167107644874,0.03792907903130952,0.04368390407179522,0.038703997396768615,0.0398620320542626,0.05543306411558862,0.09944643972153125,0.6440613165010992,1
0.1070625588799707,0.11749263013704263,0.10524768035938385,0.10161912450855728,0.12644524976770014,0.19547577527941362,0.12756127342852364,0.11909570763940809,1
0.07811119702102906,0.09451040814067965,0.12958517350923032,0.107337097516892,0.1510418212597496,0.2011895692456781,0.11559770733594502,0.12262702597079626,1
